49.716515
49.134151
49.682575
49.524879
49.638668
49.441517
49.636745
49.598953
49.547577
49.005257
49.530575
49.207184
49.691517
49.709805
49.610897
49.599365
49.692951
49.691185
49.334015
49.166618
49.336761
49.334179
49.492046
49.615864
49.63406
49.144047
49.255833
49.656239
49.476406
49.450619
49.622772
49.690105
49.602455
48.747257
48.960667
49.662941
49.495712
49.415806
49.617245
49.612743
49.057365
49.254608
49.412743
48.763985
49.666771
49.630287
49.666862
49.605698
49.655529
49.396347
49.712982
49.136482
49.324154
49.407745
49.263168
49.466896
49.600151
49.683636
49.609272
49.051682
49.576305
49.695091
49.708832
49.013577
49.57156
49.633755
49.465
49.320953
49.392906
49.701286
49.492245
49.628761
49.425591
49.198669
49.603256
49.562832
49.638847
49.658092
49.423592
49.366135
49.699879
49.687138
49.542103
48.745033
49.700745
49.667091
49.577667
49.712727
49.670666
49.645473
49.643559
49.630695
37.896408
46.882408
49.247093
49.596016
49.547607
49.653393
49.114365
49.507999
49.555119
48.716728
49.332394
49.43021
49.697376
49.324986
49.364136
49.20591
49.699654
49.542168
49.529999
49.084183
49.272469
49.501575
49.616364
49.495274
49.420406
49.523621
49.153393
49.20932
49.370804
49.63932
49.187832
49.639473
49.428635
49.451214
49.67688
49.272636
49.459698
49.296425
49.376678
49.416454
49.492638
49.442986
49.45953
49.483986
49.479744
49.134743
49.684425
48.970833
49.576847
49.268105
49.478062
49.650818
49.281967
49.596882
48.639526
49.665211
49.528759
49.701195
49.671272
49.433121
49.592197
49.671761
49.469334
49.371662
49.547077
48.745895
49.552227
49.69371
49.54229
49.310287
49.467773
49.366966
49.663319
49.506527
49.563663
49.458958
49.597969
49.395088
49.497047
49.484711
49.590805
49.558228
49.514744
49.523365
49.500103
49.507195
49.628319
49.554863
49.619896
48.713818
49.495045
49.518246
49.641228
49.471077
49.594002
49.46262
49.593391
49.507469
49.557255
49.677467
49.558212
49.870243
49.731255
49.746033
49.771439
49.733093
49.827271
49.721424
49.755863
49.764999
49.757957
49.718742
49.794998
49.731197
49.761814
49.790806
49.805939
49.772816
49.790043
49.720592
49.858803
49.766304
49.840912
49.784454
49.758923
49.849472
49.863922
49.780788
49.852272
49.810772
49.845501
49.791393
49.858002
49.862381
49.805229
49.856274
49.801727
49.788757
49.857273
49.742348
49.787136
49.757092
49.799561
49.80521
49.847046
49.860153
49.778728
49.763638
49.766998
49.838211
49.76453
49.746391
49.75983
49.846001
49.76815
49.787865
49.836773
49.730713
49.863518
49.794136
49.832897
49.801968
49.726532
49.839321
49.779423
49.757816
49.800652
49.835136
49.82933
49.837982
49.868458
49.74667
49.837482
49.825195
49.770256
49.851105
49.784607
49.838425
49.733772
49.752789
49.77335
49.749409
49.864681
49.815681
49.779514
49.822289
49.726635
49.72324
49.783104
49.82983
49.739925
49.78627
49.719151
49.867092
49.770897
49.857441
49.862381
49.837608
49.856941
49.723015
49.826984
49.855942
49.786137
49.760742
49.767258
49.800076
49.79071
49.822075
49.823318
49.857288
49.766289
49.780499
49.742786
49.806408
49.834061
49.763409
49.805832
49.822254
49.863213
49.734772
49.77961
49.801662
49.774467
49.763424
49.757256
49.837048
49.820728
49.793697
49.731983
49.744392
49.751789
49.859818
49.743137
49.867424
49.868896
49.736923
49.726761
49.717789
49.83606
49.786514
49.797016
49.737076
49.82856
49.781609
49.738895
49.802635
49.834393
49.858257
49.838154
49.822575
49.76162
49.826908
49.817272
49.784679
49.822048
49.829609
49.794472
49.786819
49.982212
49.91983
49.921272
49.972744
49.959728
49.971893
49.953678
49.922455
49.872318
49.947472
49.922302
49.976391
49.960289
49.921593
49.913712
49.899242
49.887634
49.958138
49.947803
49.887527
49.917408
49.891926
49.887455
49.871544
49.902016
49.939392
49.890759
49.927425
49.978848
49.888184
49.948544
49.889938
49.942303
49.900711
49.971134
49.952332
49.976761
49.872696
49.928986
49.960407
49.958
49.909271
49.901321
49.895485
49.91724
49.97876
49.904346
49.907135
49.87368
49.880863
49.932922
49.875271
49.930271
49.970333
49.918365
49.97171
49.899075
49.881542
49.91415
49.938698
49.94939
49.928093
49.974712
49.875362
49.870865
49.961483
49.961094
49.919167
49.882969
49.954407
49.978092
49.948032
49.912018
49.874195
49.969669
49.919788
49.947968
49.942696
49.892441
49.889816
49.941517
49.975517
49.888882
49.878365
49.934788
49.932442
49.920681
49.943031
49.945
49.919441
49.888031
49.928486
49.876255
49.913803
49.900002
49.939289
49.91856
49.936577
49.955578
49.881195
49.878849
49.873817
49.977032
49.930229
49.924805
49.967636
49.946152
49.937527
49.942635
49.904621
49.953331
49.980366
49.958103
49.957939
49.965908
49.903694
49.910393
49.937256
49.92791
49.883347
49.941212
49.950062
49.979832
49.87756
49.887577
49.968544
49.99612
49.991455
49.992092
49.993607
49.996075
49.994366
49.993423
49.985016
49.993153
49.984077
49.989136
49.991909
49.989544
49.994984
49.993332
49.988953
49.984093
49.985321
49.991135
49.999031
49.99688
49.998093
49.997471
49.999786
50.001335
50.002254
50.004257
50.002518
50.004288
50.004303
50.004803
50.036758
50.01582
50.036728
50.028881
50.010441
50.037895
50.01403
50.03624
50.01273
50.033665
50.028362
50.043423
50.01067
50.020454
50.029804
50.048382
50.041363
50.043514
50.049953
50.022804
50.007805
50.046196
50.035789
50.041924
50.054527
50.051727
50.023621
50.01976
50.061092
50.030804
50.00959
50.015846
50.060772
50.059559
50.006001
50.055321
50.034546
50.054337
50.014984
50.055847
50.029499
50.038044
50.018211
50.029392
50.046803
50.039211
50.056408
50.015228
50.036407
50.060898
50.058086
50.015591
50.031803
50.026966
50.043015
50.052952
50.021046
50.018696
50.005093
50.019772
50.011288
50.018272
50.061363
50.108074
50.09877
50.121651
50.075848
50.076847
50.100742
50.14185
50.13039
50.071999
50.067528
50.074211
50.135426
50.08556
50.152
50.1115
50.143654
50.144043
50.129543
50.068562
50.093773
50.123409
50.137169
50.151592
50.143578
50.137135
50.11924
50.12735
50.114197
50.069576
50.141167
50.116879
50.119984
50.101406
50.103542
50.095242
50.094425
50.145897
50.1045
50.153015
50.072227
50.137272
50.135941
50.067348
50.084846
50.112381
50.078365
50.061378
50.074879
50.099014
50.141804
50.082184
50.070984
50.080593
50.108849
50.070759
50.142303
50.08968
50.089924
50.085239
50.102211
50.062393
50.107151
50.127106
50.100105
50.128967
50.098816
50.086651
50.097771
50.129833
50.136593
50.109653
50.071289
50.116196
50.06768
50.11068
50.111485
50.125832
50.090576
50.092907
50.079212
50.077168
50.14756
50.107273
50.136456
50.139305
50.071289
50.078014
50.079212
50.146957
50.135185
50.114803
50.081863
50.139816
50.145695
50.112228
50.113728
50.088848
50.119514
50.136967
50.098103
50.091866
50.128033
50.145016
50.149879
50.356422
50.652882
50.275848
50.166046
50.369408
50.658424
50.295727
50.185863
50.30006
50.25259
50.367695
50.486729
50.172939
50.414391
50.173679
50.326679
50.182758
50.421211
50.275032
50.273594
50.201168
50.334789
50.224743
50.272713
50.576424
50.224529
50.273289
50.39624
50.175728
50.169407
50.441319
50.465515
50.184212
50.232635
50.415863
50.186062
50.238998
50.747482
50.234043
50.215168
51.523212
50.287304
50.17894
50.415424
50.23315
50.185093
50.304474
50.19112
50.157726
50.174091
50.285137
50.328392
50.193119
50.390167
50.338333
50.155518
50.538761
50.311771
50.640484
50.181484
50.303375
50.201729
50.646957
50.449787
50.348103
50.299938
50.390846
50.226212
50.458382
50.264744
50.198135
50.420864
50.252804
50.687363
50.262077
50.704018
51.102043
50.213017
50.358032
50.190681
50.170925
50.159321
50.233814
50.254074
51.305183
50.933697
50.177185
50.225426
50.447376
50.356228
50.420681
50.400002
50.359364
50.47456
50.611214
50.259983
50.27803
50.713348
50.333591
50.222744
50.363789
50.230213
50.236862
50.274166
51.052151
50.219803
50.49894
50.636501
50.223061
50.570408
50.517967
50.224907
50.205502
50.244698
50.499439
50.202606
50.353153
50.45462
50.262909
50.164017
50.533951
50.206093
50.652195
50.295773
50.564941
50.20232
50.519321
50.947651
50.481636
50.594196
50.700211
50.263939
50.488544
50.979607
50.322197
50.455257
50.323517
50.217728
50.572075
50.171303
50.296909
50.183018
50.389229
50.694847
50.185455
50.582848
50.220348
50.210136
50.293968
50.157391
50.582119
50.737122
50.162849
50.178925
50.355713
50.472408
50.241032
50.349335
52.188789
50.416805
51.178471
50.264637
50.49556
50.442287
50.321121
50.20435
50.155186
50.417183
50.325924
50.621712
50.388153
51.092758
50.404484
50.280121
50.545456
50.536514
50.338169
50.682014
50.177044
50.59053
50.347321
50.342407
50.206196
50.517105
50.362499
50.431606
50.181305
50.2295
50.193897
50.427895
50.606106
50.41568
50.270348
50.158134
50.162483
50.290653
50.253258
50.263954
51.056393
50.153378
50.43132
50.222816
50.292606
50.545349
50.448681
50.483471
50.156017
51.320999
50.440273
50.237499
50.332787
50.198635
50.219925
50.269058
50.297321
50.167061
50.18417
50.459377
50.242134
50.189442
50.319546
50.204391
50.327408
50.440289
50.280468
50.642574
50.563122
50.657364
50.442455
50.211365
50.193348
50.603882
50.691257
50.243393
50.45433
50.519531
50.312515
50.447533
50.406761
50.361256
50.206211
50.202423
50.203243
50.408592
50.43988
50.335365
50.761456
50.390076
50.326546
50.231941
50.326817
50.170925
50.162441
50.347332
50.468094
50.302528
51.916847
50.581821
51.037849
50.701546
50.37138
50.165745
50.643501
50.260227
50.220577
50.177074
50.366333
50.217682
50.458031
50.414894
50.335712
50.61462
50.408466
50.17403
50.373272
50.173939
50.325348
50.241104
50.593094
50.587303
50.390182
50.774967
50.286922
50.388363
50.362034
50.399502
50.264744
50.392094
50.210381
50.238335
50.374271
50.328014
50.562138
50.399788
50.389137
50.312729
50.35738
50.34938
50.954594
51.003864
50.663074
50.458515
51.056957
50.319454
50.398907
50.216866
50.900517
50.242985
50.19268
50.425999
50.312881
50.396484
50.768002
50.174984
50.310364
50.403362
50.654846
50.156136
50.472118
50.436455
50.75362
50.251331
50.237663
50.283527
50.423046
50.307167
