40.597897
50.576
50.366833
49.972424
50.130245
49.822803
49.916515
49.726185
50.444515
49.853668
49.994244
50.214638
49.971542
49.879608
49.551594
49.712471
50.394833
50.444607
49.890755
49.768272
50.319939
49.819546
49.902092
50.103848
49.906258
50.134998
50.215816
49.737942
49.753151
50.312592
50.108074
49.88361
49.463455
49.791695
50.283634
49.585075
50.874638
49.711227
50.378391
49.777016
50.018593
49.964134
50.042652
49.951347
50.57906
49.464771
50.037304
49.825409
50.901653
49.21785
49.966061
49.677185
50.340714
50.091698
49.46624
49.704048
49.690186
50.137711
50.54723
49.275017
48.894833
50.932678
51.044106
50.149895
48.878212
50.93956
49.154102
50.701862
49.348213
50.149742
50.10556
50.74765
49.360271
50.632195
49.435017
49.963409
49.851925
50.14156
49.87965
50.710289
49.354332
50.545895
50.089363
49.386032
50.678654
49.926197
49.371033
50.628471
50.365059
52.325878
50.04306
49.742455
46.869183
50.644104
49.691803
50.041061
49.395077
50.327679
50.307423
48.705242
49.948814
50.727016
50.748135
49.42606
50.634712
49.376198
50.422668
49.990726
50.402897
49.711533
50.001713
50.153229
50.032196
49.972923
48.978062
49.893227
50.084061
51.133816
49.980755
50.067093
49.904377
49.816093
48.955135
49.087017
52.174271
47.987
51.115559
49.726151
50.016518
50.877773
48.43232
50.481953
50.153473
50.220577
50.041882
49.779335
50.305183
49.893002
50.06562
49.969135
49.955559
49.966606
50.519016
48.438831
51.000061
49.67506
50.079651
49.855789
51.125713
48.819118
53.147049
49.920696
49.955257
50.112923
49.789761
47.492184
50.093906
49.98238
49.822624
50.137756
49.960136
50.020542
49.875637
48.851833
51.800304
49.313061
48.894695
51.014515
49.96756
50.291271
50.482864
49.191319
50.296455
49.40427
50.321941
50.911045
50.029213
50.046558
48.826424
51.078907
50.021362
48.528091
50.767166
49.97353
50.016075
50.660759
49.105953
50.87294
49.220135
50.876122
49.076679
49.945049
49.948578
50.811787
50.016636
50.059288
49.163364
50.814896
49.217422
50.776077
50.106529
49.99585
49.914272
50.032516
49.118332
50.780983
49.969093
50.084969
49.18515
50.805473
49.200745
50.777485
49.975273
49.244366
50.619968
50.163406
49.220924
50.781227
49.14677
50.68644
49.34177
49.876621
50.880966
49.131985
50.900349
49.136726
50.758545
50.116348
49.267017
49.872986
49.963226
49.93232
50.512486
50.560078
49.028881
50.905804
49.175804
50.837093
49.033043
50.782455
50.112457
49.114609
50.7845
49.19191
50.80677
49.178333
50.919636
49.123608
51.048882
49.823196
49.13073
51.209076
48.86832
50.036774
51.143456
50.000679
48.906925
49.944527
51.16206
48.81562
50.01688
51.071678
48.91127
51.050377
49.990635
48.972607
51.063831
48.489059
50.469471
49.906528
51.10817
48.506474
50.492542
50.136032
49.963017
49.988289
50.450363
50.044033
49.504456
50.525543
49.37294
50.079956
50.482483
50.005226
49.415695
50.168575
50.359257
49.569897
50.710274
49.710865
49.958424
49.561516
49.966484
49.694321
50.814625
50.080151
49.523045
50.622391
49.312695
50.022423
50.491653
49.978985
49.985786
49.902744
49.642136
49.552532
50.373909
50.578907
50.082001
48.973152
49.943104
50.24379
50.074558
50.150227
49.946533
49.590229
50.012924
50.841728
49.183926
49.948318
50.882969
49.467045
50.01815
50.002441
49.809441
49.850136
49.896847
50.018257
50.098167
50.411289
49.564137
49.869408
50.894363
50.122272
49.411621
50.55106
49.24015
49.923771
50.242424
50.056969
49.886272
50.533058
49.565498
50.42894
49.45668
50.634075
49.49173
50.054169
49.64576
50.708984
50.628502
48.62241
50.808212
49.93668
49.42968
50.083679
50.005817
50.043941
49.853256
49.986729
49.871956
50.200378
49.962048
50.096592
49.918121
50.086742
49.854137
49.786045
50.187668
50.153229
49.815559
50.126907
50.566502
50.407482
50.111153
49.894802
50.227119
50.114273
50.005226
49.859043
49.916862
50.073578
49.964542
50.067665
50.108017
49.888527
50.024017
50.021576
49.916138
52.295967
46.606922
51.125076
49.870621
50.135941
49.835609
50.087273
50.047619
50.066666
49.925442
49.98856
49.994789
50.063938
49.908695
50.049335
50.095898
50.028152
49.978256
49.959167
50.268951
49.729137
50.010666
49.930031
50.176865
49.89727
49.910694
49.85865
49.937832
50.055984
50.047756
50.169849
50.013618
49.939137
49.819607
49.978745
49.925167
50.135681
49.904789
50.074184
50.006695
49.823074
50.061245
50.061394
50.102654
49.942726
49.82682
50.154713
49.85191
50.039379
50.01162
50.197105
49.959305
49.968609
50.150726
50.072891
49.929104
49.971924
49.785866
49.947456
50.065441
49.911922
50.077663
49.980499
50.016624
50.05106
49.903652
50.049984
48.941319
51.076984
49.790668
50.149239
50.035625
48.813744
50.939514
48.988907
50.803608
48.953773
49.17609
50.084908
51.844337
48.886044
50.339638
49.770832
49.776058
51.147499
50.002621
48.854
51.112896
48.996426
49.841457
50.089542
49.927879
50.054184
50.001728
50.042377
50.177044
49.801304
50.048046
50.068577
49.234409
50.804092
48.833652
51.147865
49.472076
50.745518
49.861626
50.103909
49.984619
49.785336
50.088287
49.990803
49.954941
50.105347
50.135651
50.012333
50.015652
50.372471
50.092045
49.536304
50.956898
48.996376
50.023968
50.018528
50.380348
49.477032
50.219864
49.487423
50.924091
49.179394
49.75824
49.382076
50.776863
51.186638
49.72197
49.475166
50.592422
50.112335
49.958256
50.191895
50.236694
49.525623
49.129211
50.893471
49.268032
50.638031
50.160271
50.102077
50.072941
49.904545
49.883423
49.949501
50.059746
50.313137
49.736214
50.00956
49.926998
50.152184
49.828197
50.192818
50.272804
49.583363
49.974407
49.979897
50.003662
50.044197
49.873745
50.087238
50.019169
50.056679
49.915321
50.022881
49.930862
50.186455
49.840168
50.058594
49.981274
50.069695
49.924393
50.023983
49.882423
52.219727
46.943047
51.050667
49.959408
50.209137
49.831879
50.088898
50.03788
50.055969
49.776577
50.045135
49.94735
50.014168
50.054562
49.997635
48.810619
50.833485
50.136185
49.00412
50.079243
50.98967
48.896652
51.209137
48.894257
50.938789
49.832321
48.959667
50.514832
49.478168
50.36261
50.569847
50.040195
50.008305
49.929016
50.025757
49.444321
49.899788
49.897408
50.165363
50.683907
49.311394
50.028954
49.75235
50.278214
49.628788
50.01712
49.887455
50.566185
50.445271
49.94239
49.982059
49.421227
50.598969
49.90583
49.568455
49.989017
50.569118
49.082287
50.079594
50.729561
49.221375
49.883484
50.255772
49.715153
50.371094
50.471195
49.585499
50.467407
49.983894
49.51432
50.55312
49.935757
49.241924
50.074879
50.244457
50.343365
50.137711
49.969528
49.921227
50.123169
49.456333
50.305786
48.131119
51.334106
50.625805
49.961472
50.109802
49.588528
49.652409
50.246773
50.432045
49.521744
50.13615
50.424847
49.925167
49.568474
49.712788
50.243153
50.538227
50.104969
49.909454
49.116409
49.545895
50.492016
50.10191
49.942425
50.074711
51.102745
50.064335
49.854229
48.902153
51.187744
48.805195
50.878983
49.063152
50.427864
49.584061
50.093956
50.962379
49.694618
49.32756
51.079498
49.903103
49.040924
49.951832
50.143456
49.583061
50.590591
48.640984
50.369637
50.664379
50.840153
49.12162
50.784393
50.043713
48.992245
49.979744
49.942879
50.18623
50.189137
50.551773
49.199772
50.101803
50.135941
50.07188
50.361271
50.082863
49.554985
50.358273
49.585331
50.524803
49.167881
49.733238
51.029472
49.542061
50.528332
50.185246
49.986137
50.064499
50.227577
52.29306
49.764545
47.679016
50.044121
50.085499
49.85062
50.081135
50.003407
50.140255
49.749306
49.186001
50.947666
49.93697
48.992653
51.221016
49.73439
50.209408
49.729694
50.133652
49.800755
50.135094
49.022728
49.605469
50.973846
49.600185
49.950653
50.526562
50.022289
50.021046
49.921272
50.05209
49.444515
50.541847
48.83223
50.342682
50.909485
50.100121
48.980499
49.928257
49.993637
49.986897
49.947681
49.204456
50.866592
50.829243
49.376789
50.191093
50.142761
49.555576
50.265392
49.713058
49.889393
49.841499
50.532349
50.566196
49.967274
49.097561
49.953091
50.397346
50.730457
49.266953
49.93988
50.527168
49.586544
50.393349
50.030651
49.560059
50.511803
50.020348
49.01609
49.821575
50.439423
50.141472
49.772789
50.057457
49.918621
49.975018
50.010288
50.008698
50.056347
50.170338
49.752907
50.014832
50.022152
50.248016
49.827923
49.976833
49.957561
49.861168
50.353016
50.332153
49.597256
50.002544
49.659241
49.774151
51.102924
50.018925
49.525242
50.291744
49.317059
49.946968
50.778423
49.622726
50.415619
50.127457
49.911846
50.047184
49.89109
50.020046
49.577347
50.462425
49.435635
49.971321
50.537956
49.561562
49.974136
49.993694
50.414211
50.077423
50.16161
49.797092
49.580471
50.541103
49.833076
49.573059
50.044456
50.428619
49.535713
49.663528
50.215271
50.508255
49.323467
50.065594
50.042847
49.876968
49.98439
50.023441
50.063061
49.985806
49.689346
50.27383
50.150951
49.870831
50.68
49.501968
49.780121
49.939407
50.005016
50.107983
49.752254
50.317196
49.668468
50.413864
49.727924
49.925213
50.063728
49.824257
50.382408
49.99062
49.591621
50.27829
49.914772
50.107773
50.022697
49.932213
49.981319
50.143425
48.717609
50.091366
49.881306
50.064274
50.658516
51.392517
49.881847
48.961952
51.238773
50.137196
48.929104
49.637104
51.535473
49.744896
49.804863
49.007076
51.045334
49.072559
50.712196
50.413391
50.075439
49.917194
49.770832
48.995422
50.291744
49.630939
49.050365
49.979168
50.943787
50.175743
50.877754
48.745998
50.421001
49.619015
49.893543
51.088135
49.651501
50.38253
50.004757
49.969471
49.723831
49.532578
50.378258
50.474152
49.418713
50.073074
50.402409
49.211559
49.715439
50.022636
50.168213
49.991364
49.884212
49.974922
50.383198
49.770786
49.869469
50.311878
50.117897
49.946636
50.137093
49.841908
49.931561
49.946213
49.975197
50.05595
49.894272
49.737473
50.321712
50.056103
49.912239
50.080227
49.848713
50.785606
49.446499
50.100834
49.94862
50.041332
50.01405
50.003044
49.776257
49.229137
50.505077
50.304955
50.057392
49.963211
49.961468
50.131516
49.980087
50.456619
50.084866
50.090378
49.105137
50.871967
49.152771
49.719746
50.391529
49.847332
49.972984
49.9725
48.825771
50.620804
49.942802
50.014744
