41.650047
49.976349
49.558197
50.365894
50.031467
49.631516
50.566032
49.906895
50.074001
48.885609
51.277241
49.709621
50.073849
48.735439
49.955364
51.015789
49.793091
48.960091
50.994896
50.039104
48.993999
50.266956
50.980652
49.735985
49.175045
50.920197
50.160423
49.760094
48.978104
51.324909
50.045048
48.917866
49.617592
51.112152
49.036049
50.939545
48.951637
49.058651
49.881321
50.08091
50.570534
51.593681
48.317528
50.478924
49.854103
49.905518
50.414322
50.894985
48.987152
50.565407
49.387184
49.786636
51.15427
49.730087
48.981895
51.288319
50.029091
49.678322
49.078121
51.13356
49.956322
49.817169
49.361347
49.95462
50.387863
49.667061
49.990303
50.463802
50.040195
50.560032
51.857349
46.652409
50.827229
49.248787
49.763542
50.912273
50.150169
49.836697
50.047245
49.582516
50.384441
49.277
49.859528
50.944862
49.135502
49.92968
49.858032
50.217274
50.855034
49.637527
50.504879
49.84697
49.51815
50.449471
49.495953
50.490501
49.53627
50.470272
49.999439
49.970119
49.57523
50.547394
49.758755
49.632015
50.555679
49.926186
49.559849
50.323727
50.072319
49.076103
50.207787
49.75156
50.161667
49.911102
49.153103
49.87368
50.663048
51.194771
50.220501
49.993969
50.154865
50.149349
49.780666
49.97665
49.952698
50.000984
50.201332
49.839184
49.747425
49.471043
51.112984
49.615303
50.132473
49.906666
49.999092
50.030712
49.984924
50.01432
50.064697
49.946457
50.080593
50.101879
49.81488
49.009907
51.034756
49.926197
50.058273
49.926815
50.004665
49.965153
50.05806
49.911591
50.115135
49.998302
49.938393
50.026363
49.922058
49.787609
49.162636
50.360806
50.389999
49.433228
49.286678
49.757896
51.642761
50.118999
50.108425
49.660816
50.275391
49.904137
49.883999
50.10038
49.973
49.803726
50.547184
49.868515
50.119152
49.825695
50.148663
49.911865
50.021484
50.187923
49.754246
49.915154
49.690456
49.188347
50.117786
50.684696
49.243256
51.239094
48.913425
50.785305
48.880516
49.990349
50.377045
49.596542
49.092545
50.098789
50.700607
49.230347
52.387848
48.760864
49.662045
49.203758
50.63694
50.795815
50.916515
48.609043
51.44891
48.46106
50.302059
49.747814
50.100258
49.903347
50.115746
50.653244
48.171047
50.173679
51.056122
48.849228
50.801712
49.561832
51.921455
47.766014
51.865925
49.081287
50.857983
50.036034
49.992771
50.094864
49.788456
50.05106
49.000607
50.996834
49.026653
49.875179
51.002636
49.143818
49.125847
49.854679
50.119698
52.410076
47.607895
49.881001
50.600319
50.057789
50.666409
50.520046
49.466698
49.957409
50.562408
49.216167
50.789059
49.341591
50.834755
48.950134
50.009151
49.111382
52.126953
47.856255
51.911442
50.843166
49.170757
48.006817
51.633121
49.696102
50.604713
49.040527
50.898804
49.467422
50.619865
49.001423
51.001305
48.849895
50.375546
50.627254
49.421364
49.687473
50.387966
50.797985
48.21524
52.418663
47.568466
51.977154
50.208347
51.926907
47.317337
49.183743
50.923393
49.595745
50.781528
48.345001
50.490185
49.597
50.448074
49.574089
50.487289
49.658272
49.286442
51.683907
48.186348
52.208485
48.702606
50.357033
49.063183
50.787952
50.904663
49.867271
49.918423
49.939484
50.331696
49.637634
50.196831
49.397774
50.529392
50.097618
49.965771
49.846561
50.154957
49.908154
49.989391
49.325256
50.722759
48.915119
50.279999
50.607559
49.445789
50.732681
49.141804
50.367653
50.199154
48.916363
51.00441
49.875622
50.011017
50.041103
49.804821
49.23288
50.175255
50.047985
50.048653
51.025818
48.045757
50.237
49.750118
49.624256
50.594196
50.484592
50.251816
51.234909
49.402077
50.379879
50.196255
49.818474
50.185059
49.827168
48.906105
49.732849
51.552696
48.464806
49.167458
51.077499
49.82806
49.234802
50.059925
50.35144
49.737137
50.583561
50.186104
50.055454
50.829319
48.84
50.302635
49.734985
50.192169
50.356697
50.427773
49.937
50.138256
49.854958
50.120682
49.86879
50.442986
50.317608
49.330788
50.044468
50.099518
49.997272
50.133152
49.772198
50.112457
50.022102
49.968151
49.98077
50.30991
49.586712
50.096077
49.897472
50.171761
49.816608
49.939392
48.836227
50.043228
50.964046
50.075485
49.75621
50.243805
50.105743
49.822727
50.170879
49.909592
49.376484
50.622623
49.408634
50.629501
49.348179
50.24688
50.308243
50.065742
49.179756
50.915668
49.166485
49.795467
50.341713
50.823273
49.845802
49.977695
50.161983
50.041092
49.99612
50.026379
49.869015
50.089134
49.792896
49.990925
50.241516
49.907696
49.957321
49.623196
49.230408
50.026909
50.046848
50.875362
49.090591
50.048336
50.691967
50.321167
48.922031
50.913834
50.046032
50.214882
49.838577
50.02953
49.736382
50.095272
49.082001
50.87294
49.947742
49.205803
50.861179
49.130817
51.017181
49.80835
49.907501
50.328831
50.081802
50.243439
49.862881
49.978786
50.01712
49.995136
49.980473
50.02541
49.449486
50.295074
49.808517
49.183758
50.901184
50.091984
49.904774
49.089031
49.978817
50.004059
50.796528
50.054424
49.925274
50.391609
50.003544
50.084122
50.033134
50.237774
49.747135
49.824047
50.07412
50.029499
49.9095
50.085621
49.979061
50.073864
49.834545
50.135517
50.240814
49.871197
49.773186
50.068211
49.895378
50.129787
49.954498
49.989105
50.000362
50.084911
49.518745
51.011654
49.608532
50.266518
49.730015
50.267258
49.763561
50.172485
49.805882
50.088154
50.180897
49.88073
48.699986
51.297379
49.811245
50.126865
50.027786
49.885426
50.151695
49.977985
49.797501
50.068695
49.970272
49.918983
49.816257
50.031517
49.995014
49.921375
49.657455
50.552608
49.934544
50.068153
49.815033
49.095409
49.755032
50.796227
49.311516
51.023167
48.698727
53.305305
47.628742
50.002319
49.94191
50.10844
50.024834
49.947075
49.973122
50.073017
49.88332
50.112999
50.052227
49.947727
50.094772
49.943474
49.831322
50.182621
49.085609
50.798637
49.14727
51.071957
49.752815
50.049728
49.088985
50.295273
50.108803
49.568619
50.716728
50.136909
49.358532
50.788185
50.223866
49.859272
49.890289
49.97588
50.012058
49.755272
50.146969
50.283833
49.898926
49.902954
50.025986
50.113968
49.883034
50.165169
49.903255
49.973255
49.911816
50.280121
49.805347
49.789501
50.171543
51.904346
47.725441
50.218681
50.114559
49.879349
49.922245
50.051544
50.009472
49.98967
49.994484
49.988663
50.010033
49.984501
50.118694
49.804527
50.721939
49.959091
49.991909
50.013348
50.32209
49.739788
49.860806
50.108681
50.013439
49.94894
49.956623
50.240211
49.92223
48.513256
51.094288
48.789532
50.914455
48.992832
50.874088
50.102077
48.952423
51.300678
49.711609
49.979816
50.35424
49.645271
48.939392
50.954926
50.026787
50.093761
49.133755
50.852608
50.04723
49.100773
50.880772
49.049667
50.315624
50.088634
49.599365
50.959103
48.984711
51.279346
49.653728
50.031544
50.011726
49.01561
50.40873
49.858849
49.473545
50.881393
50.309032
50.078831
50.005817
50.067543
49.914364
49.63979
48.875229
51.122517
49.989651
50.033211
48.905376
50.863712
49.074516
50.296501
51.343044
48.814636
52.158154
47.284271
50.485046
50.648727
49.259319
50.097168
50.480953
49.218033
50.188923
50.085289
49.897846
50.106075
49.912197
50.141712
49.882908
50.591698
49.961983
49.950256
50.088516
49.211227
50.781033
50.086349
49.906425
49.207184
50.828014
50.100742
49.790924
50.100018
50.012001
50.105122
49.807968
50.029804
50.052879
49.158016
50.360847
50.461136
50.017941
49.505501
50.616169
49.663593
48.791439
50.97506
49.517242
50.522652
49.496033
49.916939
50.049362
50.022591
49.878593
49.987804
50.132999
49.724804
50.139561
49.855213
50.755348
49.460239
49.980831
49.922619
51.076591
49.641289
49.858746
49.949654
50.086533
49.213032
50.850048
50.033409
49.977077
49.942528
49.158321
50.774544
50.299347
50.16161
49.990814
49.837669
48.998665
49.877651
50.760834
50.221184
50.36462
49.502441
49.90741
50.049652
50.134575
49.834347
50.085423
50.005486
50.044609
50.01894
49.916756
49.115803
50.804256
50.311638
50.101105
49.923424
49.839016
50.152042
49.776966
49.996059
50.169621
49.974575
50.075092
50.025364
50.034714
50.027847
50.029865
49.946033
49.936787
50.048153
49.889393
50.026817
50.148533
49.968075
49.975517
50.031879
50.015408
49.999897
49.895756
48.842213
51.163364
49.854607
49.665211
50.510593
49.901043
50.015366
49.751816
50.192226
49.931103
50.114803
49.760983
50.123528
49.705425
50.141407
50.215744
49.861362
49.964897
50.044197
49.865456
50.066833
50.230457
49.923
49.896667
49.965881
50.141033
50.092239
49.997986
50.008816
49.910866
50.077332
50.034817
49.895016
49.96423
50.070621
49.782001
50.120014
49.946529
50.194637
49.774696
49.961304
50.174667
49.914227
49.854664
49.997608
50.118694
49.762169
50.150482
50.19812
50.070866
49.969406
49.953651
50.022942
49.968941
50.039925
50.005619
49.922848
50.021561
50.001957
49.960754
50.089153
50.214424
49.779514
49.980545
49.990986
50.058086
50.086803
49.798138
50.024834
50.051865
50.035805
49.923439
50.010365
49.881031
50.115788
49.92841
49.975498
49.820881
50.183239
49.720501
49.95639
50.257622
50.114033
49.811047
49.931896
50.156059
49.888077
49.929043
50.234287
49.869953
50.189407
49.763031
50.001755
49.97665
50.004135
49.945866
50.144863
49.911636
49.981712
49.926498
50.091484
50.114651
49.999744
49.821999
50.099831
49.911922
50.514999
49.824135
49.717941
48.937817
50.842941
49.100803
50.228333
50.183697
48.772137
51.001514
50.867786
49.98476
49.999439
50.079483
49.066151
50.884441
49.026485
50.974895
48.937138
50.292953
50.075348
49.788773
49.976543
51.302879
49.868153
49.921185
49.800957
48.860909
51.46632
49.937286
50.001484
49.737457
48.976593
51.343575
50.010788
49.998486
49.413471
50.415531
49.794727
49.011017
50.177864
50.818378
48.996212
51.208214
50.134392
48.906803
49.881031
50.837696
49.06638
51.19323
49.743759
48.961819
51.031609
48.925228
50.892376
49.448032
50.624821
50.01268
50.061047
49.902153
49.891998
49.158543
50.875076
49.194939
50.766773
49.491089
50.942532
49.666546
49.954441
50.124016
48.996498
50.979969
49.99588
48.839577
51.137745
50.035881
48.978985
50.999306
49.962181
50.087227
48.976746
50.804169
49.13821
51.643726
49.055382
49.261227
50.73312
49.310364
50.673271
49.197891
50.775257
49.336712
50.674423
49.259228
