36.516804
30.885757
35.554745
35.312092
36.204773
34.884651
35.082119
35.038773
36.043289
35.925442
34.477669
35.780849
35.788635
35.980713
36.412498
35.683304
32.916271
36.097092
35.451153
35.739288
36.199364
34.464241
35.792999
36.358517
34.997578
32.354305
35.060017
34.193577
35.646805
36.193577
35.811302
34.612289
32.685577
36.036304
35.303864
35.354393
36.409695
34.947304
36.378788
36.505287
34.513332
36.343319
35.1665
36.098457
36.372879
35.938515
32.814091
34.973743
36.067745
34.397091
31.394424
36.448544
36.505543
35.211166
36.456169
36.453289
35.691746
35.154015
35.140911
35.006092
34.688229
35.291153
34.210049
35.911213
36.120422
33.768105
33.103195
35.430271
36.114288
35.880527
34.384167
36.151093
34.445393
35.719376
35.575897
36.292168
33.39629
38.771393
36.956909
37.722744
38.148457
37.499485
36.947865
37.828609
36.674847
36.782135
38.09697
37.646469
36.992363
38.352077
38.137787
36.677238
36.575771
38.523773
38.667847
38.403816
38.203533
37.767609
36.654625
38.30838
38.316711
36.648544
38.074848
37.73967
38.182274
36.613239
38.677788
38.639561
38.615746
37.102016
38.593349
38.006138
38.10376
38.038559
37.759136
36.897499
37.804562
37.118214
36.919773
36.93959
37.136696
38.606422
38.282726
37.249043
38.683907
38.737728
37.595833
38.532104
38.720909
38.348515
37.585365
38.442047
37.363953
38.253441
37.733624
38.033607
37.860939
37.650543
37.86961
37.667713
36.805546
38.410622
37.69215
38.609985
38.58762
37.831787
38.404957
38.476181
37.946423
38.502789
38.411457
37.092831
37.108593
36.862457
38.34576
36.535408
36.929848
38.571442
37.974014
37.259239
38.447121
38.532955
38.677559
37.150017
36.673622
38.077484
38.758034
37.713348
38.135059
37.596424
38.086803
38.582954
37.160473
37.842941
36.854458
38.012634
38.532967
38.349804
36.917458
37.44194
37.608788
38.736195
37.33139
36.590347
37.508121
38.654346
38.472061
38.008968
37.71468
38.458805
37.726048
38.497681
38.736362
37.681984
37.993076
37.556381
37.517982
38.32106
37.87735
36.582466
37.471031
37.480198
38.598743
38.009441
36.64624
37.150455
38.660606
38.698406
38.630196
38.303711
38.405136
36.52594
36.555103
37.652664
38.710922
38.312016
37.045696
36.863335
37.466457
36.780743
37.838634
38.251953
38.495697
36.855167
36.627953
36.59824
38.506119
36.753212
38.590805
38.255634
37.486458
37.91909
37.099728
38.724651
38.571774
36.885544
37.079105
38.454544
37.836304
38.258034
37.54483
36.612923
38.44788
36.541771
36.606182
38.006714
38.257805
37.59103
37.971939
37.211761
37.90794
38.096333
37.113365
39.299229
38.787239
39.197788
39.17276
39.202076
39.243729
39.20565
39.040241
38.941151
38.798923
39.23439
38.910999
39.189953
39.046654
38.776031
38.797455
39.161049
39.150879
39.041321
39.193607
38.918076
39.031094
39.147213
39.011169
38.796528
39.12291
38.97794
38.966438
39.106091
39.159786
39.102772
39.141865
39.289711
39.043774
39.241909
38.787544
38.948074
38.936016
39.289288
39.034561
39.212471
39.072033
39.231499
39.257168
38.824154
39.143803
39.063728
38.960697
39.227364
38.902515
38.912407
38.993031
39.06897
39.050953
39.013062
39.152527
39.119728
39.036381
38.931908
39.102745
39.013515
38.9575
39.26812
39.023651
39.050774
38.882214
38.88768
38.994499
39.158878
38.849804
38.915695
38.947712
38.948376
39.241516
39.202271
38.787243
38.854092
38.938393
39.146393
38.927711
39.296803
39.121529
39.145817
38.898773
38.819881
38.964031
39.161575
38.88147
38.840229
38.951759
39.92347
39.3535
39.616302
39.501122
39.355698
39.624786
39.712982
39.827377
39.682381
39.686321
39.890121
39.398407
39.684093
39.598091
39.875805
39.731152
39.842255
39.847382
39.590679
39.878895
39.445423
39.401669
39.582485
39.623592
39.374332
39.348984
39.538471
39.708546
39.784363
39.81768
39.881001
39.600136
39.373833
39.800728
39.871742
39.370255
39.350349
39.343742
39.517849
39.793697
39.847305
39.54438
39.537712
39.301228
39.483746
39.313923
39.878662
39.713711
39.299866
39.517471
39.765366
39.416256
39.750286
39.879951
39.569286
39.800182
39.706455
39.552441
39.588772
39.800228
39.711349
39.859501
39.299484
39.517651
39.704941
39.340256
39.63744
39.40876
39.376213
39.71188
39.58477
39.871033
39.770363
39.500984
39.895184
39.743713
39.536789
39.826618
39.880226
39.569756
39.411091
39.838818
39.762608
39.871635
39.764484
39.733864
39.912121
39.60659
39.644169
39.672184
39.792831
39.569592
39.50882
39.746773
39.880695
39.865681
39.38979
39.840229
39.895679
39.837151
39.43261
39.399681
39.384472
39.699257
39.629135
39.777908
39.615849
39.853806
39.913425
39.561592
39.665485
39.82605
39.918392
39.362484
39.779625
39.730698
39.603516
39.722546
39.787197
39.627575
39.68668
39.598061
39.900578
39.7985
39.868332
39.869228
39.796093
39.804745
39.85397
39.842804
39.783104
39.673321
39.631485
39.834076
39.8475
39.401516
39.561897
39.582619
39.500271
39.758121
39.413906
39.386456
39.564034
39.916393
39.854561
39.702137
39.695152
39.899635
39.68206
39.935364
39.935169
39.927032
39.925678
39.924213
39.934849
39.937984
39.937984
39.940033
39.955017
39.942242
39.941032
39.954742
39.956787
39.967331
39.968105
39.956501
39.959652
39.962303
39.97332
39.976196
39.976227
40.007713
39.98439
39.999439
40.005821
40.020454
39.997696
40.007576
39.979755
39.99715
40.008484
39.996758
39.992043
40.005119
40.012424
40.011501
40.004425
40.018517
39.990864
40.006153
39.995365
39.990578
40.011032
40.007713
39.991455
40.025169
40.445957
40.503956
40.082424
40.19912
40.27095
40.057182
40.029152
40.110409
40.345898
40.309471
40.421257
40.029774
40.079952
40.51115
40.10638
40.095772
40.113499
40.317043
40.198212
40.533245
40.323982
40.632984
40.560089
40.073925
40.038212
40.124229
40.123955
40.170815
40.311394
40.249832
40.106518
40.121227
40.62376
40.096092
40.62212
40.185696
40.137543
40.342033
40.06456
40.215485
40.616634
40.050983
40.341606
40.074833
40.160728
40.150528
40.539593
40.555515
40.456833
40.158985
40.121471
40.196728
40.118305
40.087059
40.08456
40.51141
40.241955
40.554897
40.354679
40.176254
40.250458
40.175529
40.042679
40.281456
40.639969
40.433788
40.104061
40.405594
40.49509
40.594833
40.368622
40.310017
40.190498
40.134727
40.603806
40.331787
40.597862
40.418407
40.175804
40.355663
40.054951
40.534561
40.489349
40.058304
40.273773
40.10841
40.265137
40.637634
40.580879
40.411121
40.379196
40.23888
40.08139
40.296093
40.554955
40.472771
40.065559
40.11306
40.268105
40.234955
40.138454
40.152969
40.071468
40.495075
40.470184
40.502121
40.188423
40.357895
40.117287
40.294456
40.035831
40.269787
40.5975
40.279831
40.476517
40.306213
40.324245
40.065636
40.285
40.641727
40.215061
40.88641
40.679302
40.746624
40.913574
40.702847
40.783287
40.763474
40.708576
40.947681
40.81612
40.770245
40.907894
40.833832
40.771137
40.700985
40.65173
40.660957
40.852211
40.767727
40.750908
40.907482
40.642773
40.881287
40.794422
40.910423
40.779408
40.737591
40.940136
40.942104
40.927818
40.659061
40.932014
40.839092
40.772636
40.749062
40.829666
40.900711
40.943169
40.946121
40.886059
40.824635
40.949608
41.38538
40.980999
43.481441
41.294273
42.421669
42.761456
47.38306
44.258045
42.755348
43.25
43.031212
42.440426
41.779545
42.1735
42.649441
46.374184
43.028984
46.692696
43.616577
41.128094
44.821712
41.675304
41.292881
42.70488
43.37344
42.704182
41.685848
41.347382
42.994896
41.74139
42.379681
41.094135
42.185772
41.680408
42.193169
41.205833
42.079197
41.152771
41.497967
42.666592
42.502666
42.302895
43.993832
43.82806
42.701897
42.783951
44.641472
42.887711
44.748272
41.695366
42.029819
41.447681
41.110119
43.067467
41.363968
43.545593
41.467289
44.226334
41.013485
41.221985
40.961304
41.65535
43.788441
44.942619
40.966942
41.549591
42.105865
45.013607
41.583771
42.197803
41.290634
41.532185
43.020618
41.993153
41.371136
42.605652
47.787407
42.460075
41.014381
41.35762
41.032803
42.116543
43.061363
42.813362
41.568638
45.567726
42.149727
42.28112
41.728832
42.965118
42.408119
44.264305
41.388031
41.494678
44.902077
42.64109
41.045319
41.931908
42.197441
41.045334
42.112213
48.258667
41.064392
43.327652
41.963879
41.334122
41.041229
41.660168
41.420033
41.251865
43.871258
44.030762
43.352058
40.981365
44.608788
41.286289
41.161304
42.776634
41.842712
42.215015
42.347832
41.293198
41.085033
41.026485
41.33762
41.209049
73.007149
43.411636
42.57288
41.181831
44.948895
44.952606
43.601528
41.67765
45.389214
43.585804
41.315594
42.294018
41.625668
43.255848
45.206757
41.22871
45.865425
41.629559
41.38895
45.228119
41.463623
44.935043
42.036255
43.438698
40.973167
41.70332
42.671288
42.778881
43.559135
43.310543
41.873619
45.74456
42.116879
43.607651
41.84
41.191891
41.866169
43.612846
41.832272
44.063713
44.72332
41.812256
43.040607
42.066227
41.253239
41.470711
42.525318
43.173332
46.597607
43.128834
44.184196
41.654152
45.80706
42.73679
41.090271
43.303528
41.230347
43.428986
41.923321
42.872471
41.017166
43.758091
41.717968
43.121517
42.067577
42.36306
41.165104
42.99271
44.477592
41.070831
44.759319
44.159348
41.46912
42.205273
46.808804
43.990814
43.265167
46.598484
42.933559
41.993347
44.144623
42.17688
43.326969
41.407169
45.882957
41.048119
47.229473
43.259407
43.426365
47.031517
41.012184
40.967815
42.206501
41.105621
41.610882
43.246468
41.742271
41.777393
41.799305
41.660015
42.158939
44.03212
41.479862
41.754169
42.567924
46.372517
40.97868
41.167194
44.209103
43.265472
41.000168
42.36647
41.333183
41.798939
41.151001
41.723515
41.362473
41.236515
44.516804
41.154881
41.872532
44.751213
42.696968
41.897923
42.396667
42.611664
44.708923
42.704666
42.337257
43.667953
41.430473
44.235168
43.848255
43.354576
44.951546
47.350925
41.138424
42.345711
42.399849
41.094135
42.530334
45.843925
43.611393
45.340668
43.835758
41.592983
43.950169
41.935772
41.092953
42.532242
43.693043
43.553711
44.489227
42.713711
41.276848
41.528214
41.211273
43.966606
41.098179
44.759815
41.399574
42.548729
44.868469
43.86488
43.612392
44.369713
42.207134
44.234333
44.285831
44.714153
46.928818
45.207897
