199.89453
199.71086
196.46996
196.58846
199.72789
196.20299
195.18893
199.21281
196.86807
199.60718
196.74971
199.50903
199.71751
199.80196
199.84752
199.45448
195.61253
199.39558
199.8383
196.47986
196.51814
199.83644
199.80612
199.61508
196.3425
196.31238
196.0833
197.78833
199.4895
196.86118
197.24889
199.40125
197.10016
199.72826
199.03842
199.703
197.05127
198.73375
199.5136
196.73979
199.00969
199.61523
199.17987
199.83081
199.0744
195.28329
194.80042
199.48389
199.82004
198.90674
199.41811
199.12715
197.30013
198.9433
199.76857
198.0717
198.97853
198.18613
199.84163
199.01134
198.83571
199.29132
199.84164
196.80142
196.61671
198.82805
198.09462
196.5576
199.88441
195.38962
199.58557
195.63963
199.69472
195.86191
199.61673
198.7359
196.4726
199.78046
195.38168
199.59299
199.73549
196.01108
199.21407
199.86095
196.20836
196.74071
199.40498
198.88908
199.63629
199.88599
199.6804
198.7148
197.07352
199.62163
199.50648
199.38687
199.38855
199.68118
196.8965
199.76373
199.69197
199.86127
196.23093
199.85297
197.99713
199.5529
199.23834
199.4532
196.16516
197.44855
199.82848
199.35443
198.94751
199.83105
199.60979
199.71931
196.77615
199.41103
199.56821
197.31844
199.40327
199.78859
199.8219
199.29059
199.3038
198.01321
198.55806
199.88525
199.87288
198.11385
199.79279
198.92133
199.8882
198.87143
198.83345
199.73027
196.00575
199.56822
199.67114
199.27199
197.67943
198.99359
199.68372
198.70309
199.5062
199.4579
196.7394
198.59694
199.33702
199.77571
199.61395
198.99652
198.72075
199.8607
198.88892
199.7522
197.11328
194.36125
195.73312
199.01678
199.56851
198.00345
199.18553
199.78371
198.19356
199.25841
197.19423
198.37523
197.20099
199.67616
199.82013
198.59843
199.76215
199.40604
199.8008
199.57716
198.85847
198.59608
199.59415
198.14394
198.78372
198.50414
198.46246
198.62352
198.69273
199.42336
197.69815
199.24261
197.6134
199.58553
198.29099
199.64458
199.72697
199.30779
199.76143
198.90273
199.83922
197.35277
199.65213
199.33887
199.81648
199.01508
199.86021
199.64244
195.0379
199.03426
195.64041
199.65111
199.71828
196.15756
199.49638
199.00624
199.82729
196.01279
199.6946
196.46086
199.2377
198.62885
199.36691
199.85918
199.71194
199.0966
199.88605
199.60596
199.5575
196.47043
194.80914
199.47714
198.28491
196.78525
199.01213
199.2881
196.79776
199.75058
199.26585
197.92148
198.84128
196.168
199.81795
199.74895
199.1377
199.34906
199.05989
199.29684
199.34496
199.20174
199.46461
199.87494
199.74759
199.76216
198.19452
199.00568
199.09276
198.62791
199.61908
196.96277
199.75052
199.45216
196.32014
199.57649
199.01819
198.12683
198.68324
197.38078
198.73434
197.46666
198.27792
199.73189
199.17931
196.45869
198.79001
199.03653
199.64766
199.78131
199.7348
199.56152
197.30659
199.60713
196.05544
199.13509
198.36243
199.04289
198.3228
197.07784
195.92682
199.13246
199.42435
199.86218
198.39963
195.61984
199.65198
197.08644
199.15265
197.98688
199.80849
199.53214
196.87233
195.80367
196.29643
199.20357
197.59169
197.98155
196.83017
196.22969
199.10362
199.74947
196.7645
199.48878
199.8808
194.99832
198.94334
196.11218
196.95596
198.44223
199.83771
199.20271
196.29361
196.8607
199.79369
199.78534
199.28033
195.30087
198.72954
198.66667
199.52
198.90466
197.85625
199.632
199.43176
199.73341
199.06058
199.05423
196.63432
195.35889
199.44995
199.3405
199.019
199.82553
199.8002
198.498
197.25043
198.83594
199.77713
199.83501
199.38136
195.78641
197.38562
196.00294
199.28133
199.61119
199.54123
199.26193
198.67601
199.57553
199.15028
191.23723
199.63625
196.35179
199.43343
198.26181
199.16869
198.99544
198.71741
195.59319
199.34271
194.655
197.17281
198.76826
199.85922
199.77838
199.74722
199.16472
197.38145
195.39449
199.58336
197.12328
198.87714
199.778
199.74977
199.80789
199.49113
199.25775
199.62509
197.30417
198.15974
197.01659
195.162
199.87364
196.62311
196.52742
199.54494
199.64729
199.87144
198.48422
199.82121
197.14737
195.03625
195.0412
199.84135
195.96352
199.18379
197.93945
196.51648
199.61124
196.73788
196.31888
198.47641
198.83553
199.28896
199.8737
199.28091
198.27602
196.58784
199.69159
196.58986
198.22668
198.56639
195.89816
199.48866
199.84746
199.53259
197.13531
199.84158
199.78911
198.75114
199.5089
198.66676
199.08342
195.39276
198.88403
199.74323
195.11543
199.82784
198.18382
198.48361
199.72507
198.41827
196.40784
199.53911
198.3586
197.36285
198.73434
196.61456
198.46687
199.50975
196.96889
199.93896
199.90309
199.92082
199.91844
199.9361
199.91216
199.90419
199.9357
199.92598
199.92603
199.90157
199.9135
199.92987
199.93327
199.93854
199.90125
199.90048
199.92804
199.92801
199.93044
199.9203
199.89961
199.91608
199.90453
199.91066
199.93134
199.91977
199.90817
199.89667
199.89879
199.93271
199.92645
199.90646
199.90376
199.96507
199.95667
199.94292
199.96309
199.95267
199.95882
199.96152
199.95009
199.96278
199.95416
199.95158
199.94887
199.94344
199.94452
199.94611
199.94711
199.95995
199.97385
199.97304
199.97137
199.97836
199.97943
199.9814
199.98579
199.98677
199.9864
199.98795
199.99898
199.99643
199.99126
199.99474
200.00961
200.00121
200.00931
200.00027
200.00764
200.00215
200.0076
200.00778
200.00435
200.01254
200.02307
200.02557
200.01811
200.02608
200.02565
200.01935
200.02707
200.05322
200.052
200.04051
200.03444
200.03723
200.03426
200.03435
200.05006
200.03206
200.03963
200.04649
200.04684
200.04143
200.03818
200.0293
200.04556
200.04022
200.05443
200.07419
200.06337
200.05809
200.07764
200.06137
200.06982
200.06693
200.07021
200.06372
200.05576
200.05496
200.05789
200.05724
200.05807
200.06508
200.05872
200.07095
200.06247
200.06393
200.07346
200.06013
200.07085
200.06438
200.0731
200.07001
200.05547
200.06358
200.07292
200.08122
200.4742
200.20573
200.29008
200.35313
200.40648
200.34308
200.43471
200.3614
200.12025
200.1608
200.09698
200.47327
200.09837
200.14635
200.38589
200.09502
200.30505
200.16263
200.25786
200.32382
200.16382
200.27145
200.1954
200.41002
200.32866
200.24272
200.14186
200.42343
200.4315
200.12985
200.15428
200.09988
200.41687
200.23741
200.43004
200.1879
200.24088
200.45432
200.40202
200.1524
200.30983
200.23523
200.19881
200.38344
200.12514
200.16406
200.08896
200.08917
200.16614
200.26117
200.33377
200.32216
200.23204
200.42422
200.2876
200.38185
200.14038
200.43352
200.44275
200.30186
200.13307
200.18312
200.46182
200.22858
200.33971
200.14799
200.25061
200.37221
200.13739
200.33853
200.31116
200.27541
200.12393
200.43611
200.31424
200.09703
200.11765
200.2308
200.25249
200.31467
200.15503
200.22794
200.20146
200.3316
200.08984
200.26878
200.29596
200.45013
200.22479
200.42265
200.24203
200.23381
200.12007
200.38647
200.28268
200.18416
200.14011
200.40359
200.17361
200.35725
200.41534
200.39795
200.32788
200.14693
200.10233
200.44685
200.11131
200.18835
200.36546
200.0907
200.21732
200.4711
200.18871
200.25954
200.09929
200.0874
200.1713
200.43584
200.41411
200.10353
200.44319
200.34769
200.17349
200.31847
200.18864
200.3571
200.08287
200.14847
200.17566
200.89095
201.06071
200.84235
200.96358
201.05536
200.81369
200.72141
200.76599
200.71915
200.50185
200.53131
200.88075
200.58403
200.58229
200.58784
200.62447
200.86903
200.6113
200.48032
200.73889
200.92084
200.6729
200.94113
200.9418
200.55093
200.73528
200.95345
200.71248
200.96291
200.48563
200.57338
200.8289
200.70244
200.62959
200.80554
200.63261
200.70007
200.65256
200.86403
200.84874
200.89496
200.84172
200.54324
200.65247
200.50627
200.77045
200.98785
201.034
200.95467
200.65591
200.49513
200.50671
200.67165
200.99504
201.00949
200.77084
200.52966
200.50681
200.47868
200.54231
200.53534
200.8103
200.97495
200.6416
200.87473
200.78336
200.96649
201.04947
200.55756
200.77313
200.60889
200.74033
200.85802
200.93845
200.64664
200.86276
200.59369
200.60054
200.57251
200.63762
200.48039
200.6584
200.79729
200.65413
200.78358
200.52583
200.49615
200.54146
200.95439
200.79605
200.92789
200.5829
200.51881
201.07768
200.64499
200.93781
200.99286
200.96141
200.55772
200.48132
200.93323
200.60168
200.89066
200.77516
200.70351
204.04593
203.13737
205.08249
202.94287
203.1181
204.30046
202.3262
203.59036
201.10703
203.05719
201.40067
204.44685
201.42755
201.54604
202.94231
204.3047
202.68173
202.19731
202.00429
204.08147
202.44762
201.77765
201.86838
202.545
202.93938
201.13281
201.45331
201.67142
202.43979
202.57225
202.80164
203.8102
202.74341
203.94269
201.22606
204.75056
204.00797
201.19778
202.0927
202.32552
204.18431
203.37971
201.24071
201.32776
203.218
203.12602
201.55345
202.17236
203.26512
201.90318
201.74181
202.84444
201.76027
204.00301
202.08044
203.98312
204.73085
202.49066
202.68715
206.18526
201.86383
201.08536
201.2261
201.13748
201.08531
201.14359
203.45836
203.71341
201.48637
203.28712
201.40584
201.10497
203.65067
205.16673
204.5518
202.93701
201.44936
202.50098
204.29247
203.31702
203.90178
205.16284
203.48943
201.22044
201.57805
201.68051
203.31628
202.76472
201.81155
201.50262
203.48544
203.75377
204.22841
204.09482
204.03073
203.25125
201.15346
202.9958
204.30801
201.99689
203.78909
205.34068
205.1203
203.2442
203.49991
204.76883
201.88641
202.86284
201.08694
201.96661
201.0873
204.43463
204.31615
201.97894
203.99081
202.51787
203.85687
201.15511
202.03513
201.1158
204.84761
204.76883
201.44522
202.04474
203.18343
202.95143
202.08603
202.58252
203.3968
202.55338
203.55725
203.02614
203.90454
203.39417
201.38948
201.52437
201.29469
205.26157
203.56099
203.483
205.19966
204.19003
201.22011
203.9194
203.10768
203.09171
201.27853
202.51248
201.28741
201.65967
203.05823
202.28561
201.13408
201.28764
206.60815
201.37474
203.73334
201.20723
202.76907
201.47353
203.75365
202.21107
204.03801
203.05225
203.57059
204.38004
203.83916
203.75072
204.7829
203.25
203.71414
203.24017
201.19682
203.60071
202.15155
202.73721
202.90346
202.13353
203.9252
201.11374
203.96687
202.05081
201.12978
203.60043
202.15831
204.0369
203.99504
203.76677
204.04141
203.29665
203.24602
