49.942471
48.922527
49.557346
49.924847
49.787968
49.870956
49.750862
49.174923
49.85273
49.349422
49.629093
49.344185
49.878727
48.88459
49.861938
49.821335
49.801456
49.072243
49.770256
49.811562
49.895409
49.013474
49.826591
49.855034
49.851334
49.224697
49.884457
49.928761
49.85006
49.757561
48.823544
49.764103
49.877663
49.830502
49.848789
49.861015
49.938484
49.909046
49.755848
49.584667
49.722168
49.518211
49.725498
49.89994
49.929695
49.829121
49.793243
49.457909
49.923168
49.482075
49.82983
49.917652
49.692543
49.535652
49.641804
49.875896
49.874119
49.856274
49.038227
49.919594
49.843594
49.79121
49.928455
49.486458
49.883953
49.563271
49.673515
49.572048
49.903336
49.48288
49.857559
48.408321
49.549408
49.79903
49.793941
49.929184
49.920425
49.531048
49.826031
49.554543
49.688438
49.373745
49.941952
49.47773
49.913456
49.820679
49.924103
49.932213
49.799229
49.532726
49.788651
49.443363
49.801682
49.536942
49.072517
49.758652
49.714321
49.594624
49.460518
49.538559
49.926441
49.331154
49.85144
49.906925
49.322773
49.503349
49.827473
49.893787
49.924015
49.598576
49.846363
49.532654
49.890774
48.267529
49.377762
49.776016
49.609032
49.497471
49.800758
49.484592
49.476456
49.885712
49.855045
49.71418
48.740879
49.636696
49.647697
49.550392
49.305321
49.366135
49.367863
49.856304
49.407608
49.904999
49.908817
49.823727
49.93
49.499939
49.54615
49.844093
49.906502
49.696442
49.348545
49.502651
49.828831
49.620762
49.821804
49.900467
49.894016
49.567593
49.36721
48.432896
49.651745
49.519241
49.394878
49.743305
49.795712
49.828609
49.502186
49.913288
49.906609
49.867577
49.860619
49.762863
49.937561
49.805195
49.939922
49.867306
49.798847
49.749805
49.859211
49.933849
49.580711
49.631729
49.385574
49.829121
49.411423
49.932407
49.89806
49.903152
49.878696
48.737183
49.801334
49.270348
49.591484
48.487545
49.924213
49.354256
49.861137
49.897198
49.916241
49.255695
49.911304
49.932457
49.253849
49.839561
49.922302
49.697483
49.880711
49.598381
49.695755
49.655422
49.58876
49.689499
49.253166
49.707001
49.529957
49.778347
49.792561
49.534561
49.093044
49.798695
49.8605
49.472286
49.898815
49.575287
49.689678
49.619846
49.831211
49.450092
49.618771
49.718681
49.828712
49.664787
49.858105
49.894878
49.942184
49.821533
49.819485
49.832287
49.755878
49.688393
49.648697
49.675468
49.832893
49.538773
49.551392
49.866241
49.738636
49.841621
49.906651
49.595242
49.905941
49.69276
49.862534
49.200169
49.720745
49.70953
49.874195
49.643696
49.884575
49.690186
49.34647
49.839527
49.651527
49.629169
49.89835
49.925274
49.591759
49.941303
49.714016
49.891457
49.879333
49.886318
49.936104
49.855122
49.871559
49.559727
49.816334
49.654942
49.908485
49.872169
49.85268
49.895542
49.304256
49.600681
49.396652
49.360378
49.750168
49.820438
49.734756
49.506062
49.569
49.463058
49.82571
49.244183
49.697956
49.842152
49.908878
49.667526
49.892849
49.599346
49.178951
49.744846
49.569759
49.823483
49.916897
49.885059
49.918137
49.921001
49.935287
49.895229
49.872772
49.631031
49.938515
49.894211
49.532364
45.666409
49.86647
49.900047
49.529243
49.823318
49.832043
49.941074
49.856457
49.858364
49.870033
49.917305
49.81123
49.915787
49.877304
49.827438
49.829529
49.514637
49.939663
49.835983
49.77721
49.875999
49.339272
49.812744
49.544441
49.875076
49.460274
49.807407
49.89883
49.924713
49.789772
49.536198
49.923244
49.818897
49.571365
49.937271
49.858696
49.897243
49.927895
49.865196
49.823257
49.812393
49.881607
49.747681
49.87627
49.855183
49.926254
49.897167
49.457531
49.308594
49.75909
49.421059
49.882713
49.694969
49.887543
49.929924
49.546471
49.889
49.901485
49.891788
49.924168
49.82132
49.808472
49.918983
49.614532
49.82729
49.93232
49.543442
49.865364
49.740211
49.768909
49.824303
49.871136
49.916771
49.871727
49.914043
49.857925
49.839695
49.923393
49.350471
49.829441
49.936001
49.540016
49.817184
49.812195
49.345772
49.928711
49.551254
49.83765
49.672653
49.895527
49.79932
49.894424
49.925804
49.947304
49.945499
49.944771
49.944454
49.945
49.946484
49.946442
49.947197
49.943771
49.946091
49.946922
49.942501
49.943729
49.963634
49.952366
49.956303
49.952076
49.959759
49.957729
49.961956
49.958954
49.949619
49.956532
49.957787
49.954483
49.954212
49.960907
49.94733
49.94994
49.955334
49.950619
49.954666
49.973637
49.967545
49.970924
49.96394
49.973331
49.968376
49.965153
49.973061
49.963879
49.968788
49.9725
49.964745
49.96788
49.966984
49.965832
49.963772
49.970135
49.965382
49.965168
49.96833
49.967999
49.966755
49.973438
49.968182
49.966908
49.972984
49.968468
49.998001
49.995304
49.995907
49.986881
49.979424
49.979408
49.985577
49.987137
49.987091
49.978939
49.975559
49.997669
49.983337
49.975094
49.979881
49.986561
49.994137
49.987637
49.997528
49.981804
49.990543
49.974651
49.981758
49.994499
49.992516
49.977772
49.976501
49.976635
49.995743
49.98597
49.991089
49.977848
49.987228
49.996059
49.980289
49.984802
49.986561
49.979076
49.976608
49.980968
49.999653
49.999924
50.001759
50.001789
50.009609
50.022575
50.030331
50.006897
50.001923
50.008999
50.032528
50.032303
50.027031
50.025379
50.008152
50.031815
50.016121
50.036137
50.043407
50.003048
50.020695
50.032391
50.042622
50.009544
50.012455
50.006664
50.031197
50.012321
50.005543
50.027042
50.015591
50.035336
50.045406
50.021744
50.012787
50.035923
50.021179
50.013107
50.038017
50.0215
50.011078
50.005348
50.045044
50.043636
50.041668
50.013271
50.044712
50.018169
50.044289
50.024239
50.014694
50.03944
50.022514
50.028881
50.020363
50.020031
50.003967
50.016941
50.002968
50.02306
50.04224
50.035076
50.032169
50.018333
50.010242
50.038303
50.022346
50.078663
50.089939
50.091679
50.066288
50.061485
50.105957
50.100258
50.055103
50.056637
50.057457
50.078789
50.116241
50.047211
50.074711
50.049561
50.089695
50.065575
50.080879
50.100788
50.104607
50.113075
50.112457
50.070728
50.050423
50.086456
50.099106
50.055229
50.06794
50.103245
50.115849
50.087273
50.080349
50.113998
50.054787
50.109379
50.112392
50.116467
50.058956
50.062485
50.070698
50.049271
50.04776
50.081577
50.056213
50.107967
50.084667
50.097408
50.060726
50.108273
50.11517
50.076817
50.06012
50.110363
50.059635
50.095879
50.112865
50.115623
50.072636
50.055923
50.067032
50.087406
50.063305
50.084091
50.067078
50.09412
50.111622
50.115665
50.053135
50.08839
50.051483
50.07597
50.110954
50.104546
50.099213
50.096184
50.080406
50.08506
50.073849
50.113457
50.08271
50.107197
50.116898
50.082516
50.08506
50.070637
50.079166
50.074169
50.075516
50.098347
50.081169
50.060623
50.09288
50.076637
50.091228
50.114815
50.083118
50.077606
50.113186
50.063393
50.050014
50.096245
50.109787
50.081467
50.116104
50.053955
50.066544
50.101482
50.109543
50.104382
50.078228
50.083908
50.088696
50.108925
50.091015
50.108543
50.047516
50.101002
50.092518
50.108814
50.103001
50.048805
50.115559
50.183804
50.778229
50.252983
50.141788
50.197651
50.201256
50.208408
50.125393
50.147423
50.156696
50.151577
50.214169
50.574303
50.15921
50.140167
50.601864
50.158924
50.137669
50.155483
50.178848
50.158485
50.169304
50.224457
50.270515
50.221241
50.187092
50.286198
50.571609
50.144119
50.271694
50.121696
50.150349
50.631577
50.697895
50.155609
50.13747
50.196091
50.159382
50.170364
50.193577
50.182049
50.289425
50.281273
50.290695
50.187923
50.129272
50.25806
50.297756
50.171696
50.119213
50.785679
50.396591
50.712135
50.956543
50.190456
50.46476
50.165424
50.294712
50.155594
50.152832
50.138103
50.296391
50.253319
50.118744
50.286366
50.64938
50.257484
50.166744
50.142059
50.285923
50.206379
50.160271
50.270103
50.163559
50.785954
50.125668
50.124714
50.186077
50.168999
50.118347
50.307621
50.281528
50.181168
50.503609
50.123577
50.244499
50.285305
50.170879
50.138985
50.162498
50.307076
50.190742
50.166393
50.672592
50.171227
50.119774
50.564121
50.2845
50.150227
50.157242
50.129833
50.150333
50.670364
50.254593
50.19138
50.188015
50.542652
50.118954
50.647968
50.586498
50.123516
50.120178
50.131969
50.226543
50.330048
50.135319
50.140591
50.164391
50.131454
50.165134
50.193333
50.117527
50.183483
50.163094
50.15176
50.14473
50.865849
50.379517
50.715424
50.1595
50.263363
50.236938
50.129665
50.136257
50.877865
50.265091
50.117485
50.14756
50.165665
50.223
50.599377
50.161625
50.170502
50.143333
50.136879
50.292664
50.131062
50.124668
50.191105
50.488728
50.677608
50.311256
50.72044
50.366093
50.288258
50.310711
50.218304
50.836472
50.134274
50.386654
50.494881
50.343636
50.239952
50.361485
50.388714
50.534908
50.546135
50.487728
50.482742
50.437744
50.28476
50.139744
50.146679
50.38953
50.366787
50.160881
50.410957
50.335423
50.279514
50.186897
50.244049
50.440376
50.227409
50.38356
50.75441
50.169815
50.499714
50.294952
50.652119
50.151302
50.347
50.203442
50.2215
50.855255
50.290134
50.163502
50.414391
50.203651
50.56012
50.184711
50.475727
50.554756
50.128651
50.623802
50.121426
50.690483
51.393757
50.480545
50.209499
50.642696
50.183941
50.727985
50.241425
50.514957
50.175514
50.444847
51.286091
50.384441
50.649982
50.752815
50.478439
50.438881
50.309151
50.512245
50.119034
50.534168
50.129955
50.455227
50.282303
50.698864
50.243168
50.587391
50.43832
50.371017
50.424271
50.453197
50.38739
50.889526
50.198002
50.333832
50.567986
50.348484
51.633179
50.486362
50.389847
50.447273
50.354382
50.42841
50.252815
50.470364
50.146439
50.544662
50.216743
50.210968
50.152103
50.375256
50.760727
50.151608
50.462196
50.651058
50.231392
50.241772
50.492168
50.555771
50.471272
50.327103
51.253212
50.479607
50.169956
50.420559
50.491226
50.461391
50.36306
50.184967
50.256042
50.175896
50.622074
50.34103
50.17765
50.394001
50.415058
50.184196
50.147957
50.390213
50.295727
50.168758
50.244545
50.395046
50.144135
50.126652
51.156967
50.174076
50.607094
50.121967
50.366848
50.264999
50.467518
51.41161
50.542458
50.127625
50.55135
50.121304
50.785816
50.209183
50.436424
50.151169
50.961426
50.267136
50.130016
50.281044
50.287998
50.421032
