26.02862
37.584381
36.84465
48.423061
36.356346
32.006241
39.53368
59.728092
32.36356
40.903755
59.721863
33.775288
36.462002
30.492682
37.719517
34.688183
34.362213
32.912182
40.254288
36.563271
38.11562
36.76767
31.890804
41.991154
48.360424
43.058773
29.43738
35.481953
38.162121
32.996288
51.581985
39.619392
30.665894
36.783016
32.944683
39.306637
52.764153
36.199471
35.889332
34.271118
31.925531
40.316425
51.506363
36.347015
37.356483
36.927364
60.020409
30.956728
37.509533
37.035473
53.767941
37.439911
31.256289
40.112831
28.355547
40.488865
54.252075
36.621136
31.989304
38.862091
60.869061
34.905254
37.44656
60.13195
32.013271
37.695679
32.23288
37.430832
32.590107
37.218391
37.132271
31.939817
36.899441
31.890152
35.165787
30.901257
41.544743
51.289059
33.861897
35.285076
34.470879
31.030046
36.836609
32.110607
36.25703
31.353106
36.14994
30.549076
36.376999
37.016033
37.132694
31.005817
38.084381
30.50782
38.014713
29.473076
38.975712
28.548559
41.089771
34.957577
29.664061
40.422562
30.523605
34.662197
28.693483
38.216846
29.441696
41.969543
48.908543
36.288609
38.081543
32.486362
34.086666
34.166153
34.913048
60.259499
32.17321
38.190941
61.293983
31.681364
35.963608
30.864666
39.318756
59.918896
31.696016
36.949226
32.77512
36.520618
37.835804
50.047302
38.290848
35.874077
34.45388
37.33844
55.455135
33.660362
31.817787
35.37582
31.110136
42.436153
59.285213
30.052532
37.635712
30.711668
36.916092
38.554016
29.664713
37.404953
37.148243
36.529774
37.530518
51.552574
41.027805
29.593485
37.913502
29.820183
37.060471
33.338909
59.870243
32.839363
35.347031
32.107697
38.830635
31.608044
37.332848
31.14488
38.482185
35.79229
31.874289
37.281727
30.491804
38.708637
31.187622
36.345272
32.899834
54.161545
34.354256
32.872124
40.563438
60.49221
34.776031
35.187332
36.661545
32.94297
38.70256
35.02721
38.642136
35.202408
34.948517
32.068348
36.973366
35.141575
51.623966
37.297543
37.231682
36.893032
59.69062
32.42997
38.647896
31.14106
38.835136
29.713848
36.954365
30.226471
58.385815
35.14183
34.10239
33.121925
36.887409
32.222969
32.461605
32.822075
37.573814
50.035152
41.013939
28.539545
36.163425
37.261925
35.806896
51.771908
37.69783
37.210678
38.187714
59.248787
31.890669
37.341789
32.33744
38.979958
50.691151
39.370422
31.448179
37.700077
36.096909
61.624714
30.423105
36.941074
31.847288
41.007305
49.378136
37.923061
33.391804
36.532635
36.575668
57.39624
33.835533
37.705864
36.858727
53.330238
37.296516
37.458138
37.775558
53.302635
36.627254
36.893757
38.343319
56.145897
33.462711
34.452229
37.381939
30.760744
37.000652
31.870832
42.299137
37.929806
35.300442
32.135033
35.36953
37.6735
52.264305
41.545334
33.434818
31.009455
35.374516
60.110306
31.564619
38.713257
31.059742
37.699287
32.238998
37.540195
32.53817
36.60944
36.564651
39.396423
32.217499
35.376743
31.351107
36.603985
32.216393
53.271347
35.94418
37.572651
33.021
39.779366
48.448227
39.562256
32.421803
34.418697
40.16938
31.141424
37.831184
50.553558
37.663895
32.348183
38.179348
32.701756
37.130966
32.532467
40.780926
40.115635
29.514044
42.598392
30.084332
38.019878
38.443832
48.164528
34.514423
41.223957
38.541077
33.282558
36.624695
35.497864
37.897591
31.612364
42.198349
34.777061
32.347805
44.368713
33.372787
31.826288
42.517288
32.788696
36.859169
52.699543
37.089134
32.027847
37.428032
33.100891
36.662121
32.182636
37.296333
38.26424
36.110062
32.683289
39.340515
51.157471
36.578533
37.459091
30.203119
40.219273
28.273289
41.951485
39.508102
30.695759
36.769321
29.701485
38.039425
33.922409
40.322681
48.348896
46.197018
31.01791
37.311729
30.656757
37.700302
37.715759
39.044815
34.711681
59.458546
30.946621
36.426529
27.325745
42.398727
55.330559
43.103439
30.492409
35.35577
30.826303
42.893196
41.519966
30.609695
35.746407
32.04491
36.014484
35.683334
50.153847
37.006729
32.257957
36.151104
32.582924
41.318665
28.930319
39.798271
27.583424
36.471806
52.881516
35.583321
29.104788
41.296848
30.272331
38.424816
52.549515
39.430119
32.061062
38.145744
60.608669
31.92238
43.949619
56.162441
29.18412
42.95768
34.515076
39.759136
32.12788
37.535046
37.948517
33.412395
36.398663
30.752241
41.411015
49.477154
38.323376
31.833469
40.160667
61.679195
32.985348
36.286636
33.576183
36.011375
33.011711
35.938847
37.39856
37.396576
37.916576
51.526104
39.17347
31.886742
39.335381
30.588636
37.464985
32.304893
41.210182
37.340729
37.558018
35.98138
61.853516
31.428349
37.056831
31.89138
37.854439
37.009907
50.588593
38.731968
31.031864
37.895378
37.833805
31.771999
38.776016
31.778744
40.977558
29.99844
40.091457
30.701832
37.090229
37.163982
35.907803
36.686638
31.818605
59.822441
33.195499
36.574635
31.332483
38.341
31.699682
36.491951
39.400558
45.263271
37.783047
31.167831
36.159321
38.120457
39.538364
28.664955
38.146622
37.564442
31.5445
39.062679
32.937984
38.339832
30.703682
37.597591
38.177471
30.742195
38.910378
30.055984
36.717442
33.20927
35.734016
31.885408
38.535015
35.642273
31.916773
43.677303
50.702499
36.94788
37.911366
35.846409
58.633957
37.461048
33.406105
30.914953
35.628815
31.760559
41.66029
46.648468
38.07885
30.836681
36.649982
36.381474
41.363636
27.287832
37.316425
36.467377
48.980957
38.763729
35.038815
34.290577
27.730484
38.336441
35.088154
60.936333
29.920607
37.218391
32.567696
37.462425
39.132908
27.413485
54.816059
40.488754
30.91547
34.218349
37.425407
31.228001
37.96394
35.94215
30.455805
43.696968
51.84647
36.968815
37.032879
36.886501
60.574379
29.807119
37.036621
36.794044
58.774895
32.166637
36.902618
41.673515
37.052094
32.448135
49.433105
39.557816
34.1675
37.403515
30.245228
60.886761
30.062244
38.927197
32.692532
40.706322
49.475456
37.756409
31.392954
37.500561
30.918348
36.780815
37.448982
52.026806
37.504696
31.859167
36.839321
32.031803
40.372578
54.890049
33.60273
30.357105
43.076607
60.564968
31.597256
36.113422
36.148575
34.178391
31.849092
35.946804
32.813744
37.336166
35.713654
38.608471
33.528984
37.849228
30.816668
37.803848
30.760712
42.115803
37.600594
32.504059
37.718319
31.987772
39.185455
33.117683
34.192287
34.107967
37.638195
36.185543
31.219984
40.993591
28.531092
39.23724
35.8965
33.919682
48.765167
38.511501
30.519669
37.55418
30.121468
40.391666
53.042061
38.289272
32.0205
40.213833
60.472832
31.969408
37.451759
32.797031
39.174332
50.398518
37.493607
37.728695
36.881924
53.205318
37.016907
37.42244
37.35844
58.332623
33.18412
39.072983
58.046909
35.120789
41.500954
31.621576
41.149696
37.152306
32.267788
37.485756
31.878559
38.359348
29.907228
42.554729
49.226227
37.277832
33.148136
37.375153
31.513605
41.720634
51.359711
35.639896
30.99544
38.920376
33.682049
61.966103
30.678543
40.277485
60.446815
30.832424
39.189075
30.619394
41.797817
27.86194
41.895939
28.066923
39.527088
40.375862
31.802153
39.335636
51.395092
38.351044
37.895695
36.210575
53.550484
36.847439
37.168304
37.043816
52.795746
38.387043
38.538952
36.672211
36.174545
47.466743
37.729214
32.707985
38.742939
32.169273
39.725941
36.136185
31.33597
50.008957
37.860786
33.028408
35.710667
33.083591
35.637409
34.434074
34.582619
33.414757
35.780712
34.033333
34.170502
37.388031
31.460728
43.249287
50.225864
36.050713
36.595745
33.189697
37.637226
30.144894
42.045528
38.440697
30.825529
44.807365
31.157818
34.352592
33.606483
52.671951
39.963425
30.562681
36.384121
31.448467
41.217213
50.806194
37.128635
37.861938
37.388287
30.236908
42.145348
47.289787
35.869907
37.173168
37.9865
61.461391
29.498182
40.818321
55.780136
30.446745
41.85638
32.107304
39.41647
52.491577
38.530304
36.611805
36.342789
53.161045
37.342014
37.309483
36.833652
60.310787
32.164211
35.883137
32.668152
38.133636
51.869923
39.305969
32.601894
36.513897
32.217575
36.743862
31.304516
38.36644
36.661514
41.833576
28.356318
35.822254
36.989788
50.013592
38.685818
31.125153
37.779499
38.179337
30.681606
61.359486
30.812864
37.685532
31.040182
38.33812
32.900379
38.816608
36.914059
38.908592
31.04656
37.627728
31.685381
36.633034
32.661381
37.992592
27.849606
59.946121
29.836847
42.740967
60.645924
29.365423
36.46603
37.305744
35.440468
52.902618
37.259743
32.643379
36.848137
30.867804
36.597713
38.60482
54.55965
33.537727
33.277531
38.798485
35.216957
61.039909
31.86788
37.517273
34.771545
34.676895
38.104694
38.140514
32.021622
39.421211
28.306183
37.554771
38.667984
30.464272
39.118423
32.600044
39.000168
32.871727
38.493546
32.029076
36.187744
29.899197
52.930546
38.119499
30.742212
37.398457
32.012001
38.312153
30.981167
38.657196
53.158939
38.658409
30.707457
37.316711
36.834679
30.263758
38.509499
30.115076
40.61515
36.391422
28.312773
38.507393
30.090834
36.713955
58.869335
32.911076
37.077271
31.196213
41.60947
24.976318
37.402714
36.62532
49.364197
39.34288
31.799711
38.803745
30.216728
37.148983
35.411137
33.187969
38.735104
38.184788
25.981924
37.423473
32.787228
39.303528
26.634516
38.536152
28.850803
40.192654
30.972288
37.516167
40.222103
28.875092
39.698669
30.318954
37.10294
60.11562
30.934347
40.844593
29.237211
32.702393
36.915154
38.755047
49.25832
36.567211
31.270908
36.389606
38.289169
35.791729
51.3395
38.538364
31.260969
38.588696
28.985832
42.372608
50.755817
37.364967
37.080578
36.660896
59.364517
32.511078
42.673908
52.331787
38.90871
29.862499
40.72377
64.677544
27.099758
37.906528
30.244593
39.076061
53.381153
38.250336
30.865364
36.619499
37.58012
36.453815
35.695866
48.426197
38.496788
31.265394
38.960983
37.831924
36.172665
49.179592
35.92065
38.005848
36.738045
58.092621
39.409061
32.032772
59.535652
31.478939
40.457607
34.657696
39.702713
47.236969
37.832695
34.193455
34.010059
34.255135
38.177952
30.962423
39.01976
39.498516
31.333347
35.47327
39.255833
30.495213
38.724304
38.169544
29.493181
37.401955
39.404942
28.647743
37.462303
38.088802
31.286016
36.858788
31.535543
42.246834
27.73197
36.878212
30.572533
35.641178
51.603638
40.790031
33.233986
33.588501
62.954212
30.210621
37.187618
36.467289
57.973713
