29.772984
31.549606
57.707542
36.528923
35.696712
62.299831
36.221542
40.801968
52.931866
39.175774
34.842518
36.044044
55.695938
36.382439
37.918076
36.515678
52.60532
34.800697
38.629364
35.785999
38.404697
49.96627
36.679134
36.778076
31.310728
37.563168
55.157803
39.757153
36.319271
37.273254
34.861153
53.417271
37.646729
35.289425
38.965183
53.225075
36.359257
31.624531
37.278847
58.084049
37.706501
36.73053
35.845016
53.120575
38.054092
38.782272
55.081093
38.80632
37.67561
54.869015
39.644363
31.468727
34.705196
63.617832
36.450321
40.475468
53.265392
38.120636
36.046665
36.309727
54.807697
37.164909
37.026913
36.132423
54.693245
35.72044
37.971924
58.693787
36.480499
38.128559
30.110439
57.854637
40.626392
35.186062
35.11021
35.784832
50.646393
39.064545
36.452213
33.307198
58.734333
35.654121
37.79768
34.603653
59.521667
39.62212
32.72047
34.537682
52.601952
39.035271
35.215103
35.205746
36.415863
52.996849
36.503967
40.054848
33.071121
36.22168
54.003075
33.564472
36.742561
35.712849
60.492119
33.785606
36.72871
35.968349
33.612621
55.779034
35.673271
36.913761
38.416168
53.00285
36.948303
35.122002
42.211651
51.466076
37.33868
35.948952
35.496712
54.765816
38.234863
35.988197
59.954456
31.8305
41.12553
57.592651
37.531609
35.980213
36.507271
55.272152
38.37212
33.906288
40.464043
52.475407
37.429863
37.482109
35.830303
54.489849
37.68232
35.362228
36.569256
34.990047
53.378529
36.313957
36.188728
40.790409
48.812439
40.208183
35.644485
64.190575
37.520229
35.10424
57.056393
37.871803
31.018364
39.136257
38.904045
37.779922
36.092758
54.194031
37.113441
35.339516
36.015957
53.772533
40.604118
35.457153
35.464001
37.567818
55.592152
37.680847
33.62294
31.939228
36.889336
50.617863
46.583939
25.797047
45.610924
30.510788
36.930183
66.011391
34.208229
36.796516
38.247986
50.93676
37.117561
35.75988
41.191471
51.692059
37.757
38.273815
56.958271
35.550049
36.506138
34.128471
59.64912
34.85556
36.705032
40.362015
30.641258
52.957424
40.247257
38.401302
28.839817
57.516186
35.995926
36.748528
39.371105
34.391472
52.906136
37.449516
35.299847
39.260635
54.225319
38.550274
35.271393
33.398907
55.390575
37.214195
38.147423
38.683289
54.052574
36.531532
33.644653
39.593773
54.228104
38.088181
36.329033
37.333881
52.752472
37.592804
38.215832
36.747803
50.808033
37.536121
37.936104
38.225681
52.009033
39.661243
34.22123
37.688408
51.854408
38.456245
37.596985
61.073017
34.959381
42.950985
46.522472
38.534653
35.648304
43.011711
47.409424
46.725681
29.914894
39.175255
41.980816
32.267017
34.70676
56.326908
37.111214
37.248772
38.113136
52.810635
40.056194
35.309227
35.337543
54.079758
36.513409
39.954865
55.144516
36.313244
39.642864
61.741375
39.915058
31.304123
60.437042
37.964729
38.595226
56.170349
30.88006
39.056999
37.821983
37.984909
46.353424
42.332806
31.737152
38.492424
52.15823
37.374668
37.786015
37.113441
38.356136
46.410759
39.106075
37.748619
43.510242
29.225864
52.475334
33.758636
30.044168
44.705212
56.103363
35.919075
37.594879
36.291939
36.052032
50.92482
37.521229
36.05547
40.449608
50.624454
36.380711
36.820137
65.812813
35.8955
34.520061
54.70356
36.097214
37.264626
38.875908
52.325439
45.003967
29.061213
63.54121
42.375118
30.855196
56.096363
32.342407
46.452076
29.659319
57.257183
34.838322
44.136761
31.624334
52.140102
36.890137
37.667923
34.414181
59.0625
38.46991
28.632561
46.738457
37.884319
38.997696
62.983471
36.693924
35.761185
54.065609
36.894485
38.601772
58.04538
35.346577
43.301815
38.750393
38.963654
29.667894
39.342953
34.063271
35.335228
53.372379
37.410381
34.60247
43.276848
50.999516
43.4305
32.859169
39.957272
27.16456
43.021713
58.421967
38.202457
37.685696
36.906696
48.849621
48.027527
30.511772
38.951626
41.611305
30.995045
37.977154
52.017075
37.692772
37.560078
36.18309
35.410847
51.052925
37.819408
34.160954
65.092079
37.518909
38.36676
54.194092
37.455044
35.19838
39.217136
31.099213
57.835907
40.504196
32.608425
40.260834
38.720619
34.651455
39.468094
35.485092
36.676682
32.337318
58.362305
39.566338
33.02203
39.785362
50.117363
36.94239
37.299679
36.665195
36.374077
53.122711
34.42606
36.768017
37.708241
35.80759
55.301773
35.493195
37.314137
35.749622
34.960712
50.595695
42.147335
30.878393
37.567726
54.647091
35.919304
40.598534
57.543816
39.634121
33.055195
36.787636
37.795788
48.189304
38.21244
38.702137
54.914818
46.037075
38.790951
37.942322
43.186321
25.850454
46.833908
38.220516
35.961334
53.454254
35.944256
39.082653
37.424923
53.488895
36.97332
35.408363
36.681049
37.219814
50.812454
35.745804
36.985439
38.419609
37.392044
47.853485
41.093498
26.296394
45.325211
53.752304
36.350773
32.047058
36.395184
65.002968
36.894001
35.688046
52.928104
39.516048
36.544392
36.804562
34.552185
52.082378
36.216969
38.094456
37.883881
35.045925
49.031773
37.701576
36.215321
41.011593
49.772045
35.60862
36.877895
37.605499
54.257607
35.725834
40.589653
61.232544
35.131863
35.97324
39.145287
50.37212
38.864925
34.029636
37.128727
55.265305
37.475742
37.040424
39.347321
50.843227
37.613533
37.78194
38.16806
51.874592
38.778336
35.14344
39.067787
51.414543
37.316441
37.315365
39.080406
52.843609
36.969788
37.420788
37.818333
54.106346
36.083591
36.44783
37.758034
52.884483
42.898609
29.617968
37.311787
53.683895
36.966255
38.279881
38.608578
53.328625
36.876457
37.563
36.086594
53.850967
36.896305
37.438347
36.948288
52.18103
34.110321
36.981014
39.29821
35.690048
53.998302
37.705544
37.038258
36.872986
50.949471
37.526348
38.532001
37.968559
51.262211
38.379696
36.728409
38.700562
51.140392
37.385983
37.293213
39.75312
51.332104
35.218761
42.102333
54.060635
37.941483
34.72073
64.062271
36.413441
39.382984
51.257092
37.250526
37.641941
38.721348
51.328789
37.780895
36.825485
39.537865
52.46917
39.665577
33.686245
40.515667
40.832016
38.692242
57.217152
40.51968
33.747894
36.202122
40.749485
32.699726
36.271908
55.89053
35.383457
37.015289
36.096375
56.818211
34.205238
37.223049
37.988636
54.361607
38.392151
35.646378
38.184502
34.661999
50.443985
39.292484
34.381954
38.376514
53.054348
37.845181
38.326305
35.041256
53.675713
38.381714
37.797409
53.962059
41.747456
32.684895
39.162457
52.693439
38.089169
37.850075
37.611938
51.88903
37.222713
36.832134
38.084255
54.894466
35.74173
38.072186
36.951817
51.570652
41.728729
33.117863
36.179424
52.982727
37.503864
40.663788
54.336033
35.609058
39.721184
61.887653
37.80262
40.064198
48.775482
41.311516
35.832153
35.656483
54.265755
36.532227
38.843018
37.647831
51.18959
38.597424
38.378365
58.354153
41.455502
34.406048
33.950951
40.038559
36.442516
58.302608
38.466789
35.932941
36.699169
52.631374
38.700619
38.167713
30.856909
59.840118
36.654381
36.396
36.072762
56.172077
30.248453
47.259575
52.455982
36.374969
38.636623
59.341194
37.543304
38.437382
53.099728
36.706169
39.232166
56.300472
34.678322
41.087257
56.929348
35.070847
40.052017
58.40041
37.867104
35.855804
30.769516
59.628258
37.217304
31.741695
37.243118
57.287407
38.597153
31.408045
38.504814
56.673241
38.821968
41.57832
48.194454
40.373287
31.175152
36.366272
66.619957
34.218319
37.406239
54.677441
35.007336
38.778831
28.08482
39.584091
54.387924
36.243713
38.775257
36.886272
31.427788
53.903271
37.436119
36.828545
37.811378
35.688713
51.028652
34.58403
37.384727
36.880608
40.349319
52.13279
36.03632
36.751575
35.006332
37.3895
49.625729
37.565926
36.284679
40.322697
62.864742
35.951817
31.147757
37.351925
39.626137
32.917137
36.94194
61.104015
64.847275
37.676804
39.143955
52.88694
39.465847
32.957787
32.864983
40.293468
53.13739
34.905941
38.989197
35.613331
55.057137
38.494743
37.159561
36.302952
52.555592
37.515804
38.954624
54.908092
39.043831
38.277271
55.117542
37.708336
39.784016
56.015442
35.450897
41.648895
54.074486
35.788982
38.461033
55.42321
44.425652
38.359653
31.036455
39.420017
37.647152
34.195652
37.808712
55.530186
36.94894
36.922821
37.014606
54.803848
38.753212
34.283787
37.46468
55.095745
38.594349
34.146332
36.532104
60.481289
35.767941
32.882938
38.90332
34.84621
40.222561
36.189034
55.092457
36.998909
38.425636
30.236576
63.813229
34.337879
39.202969
50.615814
40.564514
36.464863
36.000664
37.337502
48.623501
38.485863
38.139545
38.335831
50.412956
38.557678
38.099136
36.090485
52.290321
42.080559
29.747349
41.091679
52.51506
37.872952
37.018272
38.193089
53.294849
38.09288
35.21524
31.024044
63.522999
36.628624
38.889347
51.981152
37.981422
41.778332
51.977135
37.579926
38.557652
39.025558
50.65538
37.912319
36.655048
38.074802
51.472229
37.783134
38.612228
37.00161
52.710381
37.658016
39.645424
57.210014
42.28133
28.306183
45.741501
36.549381
37.073578
37.851044
53.334755
38.927879
34.638195
36.712982
35.842442
50.105576
37.875984
37.986805
61.575256
31.870745
35.593712
38.212288
36.505634
54.856499
33.991302
38.936939
31.303728
56.73444
35.528999
42.523773
33.539726
37.914272
34.803471
29.635044
45.198772
57.546078
36.80135
36.602093
29.706043
40.415348
52.169151
35.788212
40.161366
37.467999
51.591576
46.964542
25.476061
40.027515
38.133678
39.09444
56.755135
36.500332
36.29068
37.617195
54.750515
37.556831
38.638454
36.654091
51.562256
38.559982
35.335346
41.224907
52.340454
36.817333
37.223408
36.647198
52.848423
35.982815
37.289001
38.518745
53.905422
39.202545
33.70253
34.588257
64.514275
33.706104
32.032104
42.418152
37.116093
38.185257
37.093609
37.155392
52.193321
36.863754
37.893848
55.241272
37.948032
37.794743
39.19891
52.746304
34.676033
39.364651
57.336758
38.398983
32.938152
38.969227
58.399879
32.69371
36.648331
40.032669
49.429771
42.233517
28.996105
38.286819
57.016804
43.514408
30.025484
40.728729
35.502712
38.68644
36.321728
36.640198
50.53994
38.046471
38.481636
53.789833
36.169819
42.286953
41.757713
26.949381
52.662773
35.915897
42.080441
51.323532
38.486526
37.172134
41.225952
53.016983
35.929195
38.830814
34.564167
53.561745
37.564034
36.984169
39.145607
51.110485
37.557335
37.218212
64.828377
35.422256
